              precision    recall  f1-score   support

      BENIGN     0.9965    0.9960    0.9962      1988
         DNS     0.7967    0.6540    0.7184      1948
        LDAP     0.7033    0.7786    0.7390      2037
       MSSQL     0.8424    0.8710    0.8565      2031
         NTP     0.9961    0.9897    0.9929      2046
     NetBIOS     0.7027    0.8465    0.7679      2019
     Portmap     0.8450    0.7179    0.7763      2035
        SNMP     0.6860    0.7531    0.7180      1912
        SSDP     0.8312    0.7586    0.7932      1980
         SYN     0.9974    0.9913    0.9944      1958
        TFTP     0.9990    0.9959    0.9975      1969
         UDP     0.9901    0.9687    0.9793      2075
      UDPLag     0.9911    1.0000    0.9955      2002

    accuracy                         0.8715     26000
   macro avg     0.8752    0.8709    0.8712     26000
weighted avg     0.8757    0.8715    0.8718     26000
